time,away_description,away_change,score,home_change,home_description
11:46.0,A. Afflalo misses 3-pt jump shot from 24 ft, ,0-0, , 
11:45.0, , ,0-0, ,Defensive rebound by M. Plumlee
11:28.0, , ,0-3,+3,W. Chandler makes 3-pt jump shot from 23 ft (assist by M. Plumlee)
11:07.0,W. Cauley-Stein misses 2-pt jump shot from 16 ft, ,0-3, , 
11:07.0, , ,0-3, ,Defensive rebound by G. Harris
10:50.0, , ,0-6,+3,D. Gallinari makes 3-pt jump shot from 25 ft (assist by W. Chandler)
10:32.0,D. Collison misses 2-pt jump shot from 5 ft, ,0-6, , 
10:31.0, , ,0-6, ,Defensive rebound by M. Plumlee
10:30.0, , ,0-6, ,Turnover by M. Plumlee (lost ball)
10:21.0,W. Cauley-Stein misses 2-pt dunk at rim (block by M. Plumlee), ,0-6, , 
10:20.0,Offensive rebound by Team, ,0-6, , 
10:09.0,K. Koufos makes 2-pt hook shot from 6 ft (assist by D. Collison),+2,2-6, , 
9:46.0, , ,2-6, ,J. Nelson misses 2-pt jump shot from 10 ft
9:45.0,Defensive rebound by K. Koufos, ,2-6, , 
9:35.0,D. Collison misses 2-pt jump shot from 16 ft, ,2-6, , 
9:34.0, , ,2-6, ,Defensive rebound by M. Plumlee
9:28.0, , ,2-8,+2,G. Harris makes 2-pt layup from 1 ft (assist by M. Plumlee)
9:13.0,T. Lawson misses 3-pt jump shot from 25 ft, ,2-8, , 
9:13.0,Offensive rebound by K. Koufos, ,2-8, , 
9:08.0,D. Collison makes 3-pt jump shot from 27 ft (assist by A. Afflalo),+3,5-8, , 
8:56.0, , ,5-10,+2,J. Nelson makes 2-pt jump shot from 16 ft
8:42.0,T. Lawson makes 3-pt jump shot from 27 ft (assist by D. Collison),+3,8-10, , 
8:33.0, , ,8-10, ,G. Harris misses 3-pt jump shot from 26 ft
8:31.0,Defensive rebound by W. Cauley-Stein, ,8-10, , 
8:15.0,K. Koufos misses 2-pt hook shot from 14 ft, ,8-10, , 
8:13.0, , ,8-10, ,Defensive rebound by W. Chandler
8:05.0, , ,8-10, ,Turnover by W. Chandler (lost ball; steal by T. Lawson)
7:59.0,W. Cauley-Stein makes 2-pt dunk at rim (assist by T. Lawson),+2,10-10, , 
7:44.0, , ,10-10, ,Shooting foul by W. Cauley-Stein (drawn by D. Gallinari)
7:44.0, , ,10-11,+1,D. Gallinari makes free throw 1 of 2
7:44.0,A. Tolliver enters the game for W. Cauley-Stein, ,10-11, , 
7:44.0, , ,10-12,+1,D. Gallinari makes free throw 2 of 2
7:20.0,D. Collison makes 2-pt jump shot from 17 ft,+2,12-12, , 
7:03.0, , ,12-12, ,M. Plumlee misses 2-pt layup from 2 ft (block by K. Koufos)
7:03.0,Defensive rebound by A. Tolliver, ,12-12, , 
6:41.0,A. Afflalo misses 2-pt jump shot from 3 ft, ,12-12, , 
6:40.0, , ,12-12, ,Defensive rebound by D. Gallinari
6:31.0, , ,12-15,+3,W. Chandler makes 3-pt jump shot from 25 ft
6:07.0,K. Koufos makes 2-pt hook shot from 4 ft (assist by D. Collison),+2,14-15, , 
5:53.0, , ,14-15, ,Shooting foul by K. Koufos (drawn by W. Chandler)
5:53.0, , ,14-17,+2,W. Chandler makes 2-pt jump shot from 15 ft (assist by G. Harris)
5:53.0, , ,14-17, ,Denver full timeout
5:53.0, , ,14-17, ,W. Barton enters the game for G. Harris
5:53.0,B. McLemore enters the game for T. Lawson, ,14-17, , 
5:53.0, , ,14-18,+1,W. Chandler makes free throw 1 of 1
5:35.0,Personal foul by M. Plumlee (drawn by D. Collison), ,14-18, , 
5:20.0,A. Afflalo misses 2-pt jump shot from 22 ft, ,14-18, , 
5:19.0, , ,14-18, ,Defensive rebound by W. Barton
4:59.0, , ,14-20,+2,W. Chandler makes 2-pt hook shot from 2 ft (assist by M. Plumlee)
4:39.0,A. Tolliver misses 3-pt jump shot from 26 ft, ,14-20, , 
4:37.0,Offensive rebound by K. Koufos, ,14-20, , 
4:31.0,K. Koufos misses 2-pt layup from 1 ft, ,14-20, , 
4:29.0, , ,14-20, ,Defensive rebound by D. Gallinari
4:22.0, , ,14-20, ,W. Chandler misses 3-pt jump shot from 25 ft
4:21.0,Defensive rebound by B. McLemore, ,14-20, , 
4:05.0,K. Koufos makes 2-pt hook shot from 5 ft (assist by A. Tolliver),+2,16-20, , 
3:53.0, , ,16-20, ,M. Plumlee misses 2-pt hook shot from 4 ft
3:52.0,Defensive rebound by K. Koufos, ,16-20, , 
3:49.0,Personal foul by W. Barton (drawn by B. McLemore), ,16-20, , 
3:49.0, , ,16-20, ,D. Arthur enters the game for M. Plumlee
3:49.0,T. Evans enters the game for K. Koufos, ,16-20, , 
3:49.0,S. Labissière enters the game for A. Afflalo, ,16-20, , 
3:49.0, , ,16-20, ,J. Murray enters the game for J. Nelson
3:34.0,Turnover by B. McLemore (lost ball; steal by D. Arthur), ,16-20, , 
3:21.0, , ,16-20, ,W. Barton misses 2-pt hook shot from 6 ft
3:21.0,Defensive rebound by T. Evans, ,16-20, , 
3:11.0,T. Evans makes 2-pt layup from 1 ft,+2,18-20, , 
2:58.0, , ,18-22,+2,W. Chandler makes 2-pt layup from 2 ft (assist by D. Arthur)
2:34.0,B. McLemore makes 2-pt jump shot from 18 ft (assist by D. Collison),+2,20-22, , 
2:15.0, , ,20-22, ,D. Arthur misses 2-pt jump shot from 21 ft
2:13.0,Defensive rebound by S. Labissière, ,20-22, , 
2:08.0,Shooting foul by D. Arthur (drawn by D. Collison), ,20-22, , 
2:08.0,Sacramento full timeout, ,20-22, , 
2:08.0,D. Collison makes free throw 1 of 2,+1,21-22, , 
2:08.0, , ,20-22, ,G. Harris enters the game for D. Gallinari
2:08.0,D. Collison makes free throw 2 of 2,+1,22-22, , 
1:46.0, , ,22-22, ,G. Harris misses 2-pt jump shot from 5 ft
1:45.0, , ,22-22, ,Offensive rebound by Team
1:45.0,T. Lawson enters the game for D. Collison, ,22-22, , 
1:44.0, , ,22-22, ,Turnover by Team (bad pass)
1:23.0,T. Evans misses 2-pt layup from 3 ft, ,22-22, , 
1:22.0, , ,22-22, ,Defensive rebound by D. Arthur
1:05.0, , ,22-22, ,W. Barton misses 3-pt jump shot from 25 ft
1:03.0,Defensive rebound by A. Tolliver, ,22-22, , 
0:55.0,A. Tolliver misses 2-pt layup from 2 ft, ,22-22, , 
0:54.0,Offensive rebound by A. Tolliver, ,22-22, , 
0:54.0,Turnover by A. Tolliver (offensive goaltending), ,22-22, , 
0:54.0,W. Cauley-Stein enters the game for A. Tolliver, ,22-22, , 
0:39.0, , ,22-25,+3,W. Chandler makes 3-pt jump shot from 27 ft (assist by W. Barton)
0:32.0, , ,22-25, ,Violation by W. Chandler (kicked ball)
0:22.0,S. Labissière makes 2-pt jump shot from 16 ft (assist by T. Evans),+2,24-25, , 
0:05.0, , ,24-25, ,J. Murray misses 3-pt jump shot from 25 ft
0:03.0,Defensive rebound by B. McLemore, ,24-25, , 
0:01.0,B. McLemore misses 3-pt jump shot from 44 ft, ,24-25, , 
0:00.0,Offensive rebound by Team, ,24-25, , 
11:41.0, , ,24-25, ,J. Hernangómez misses 3-pt jump shot from 25 ft
11:41.0,Defensive rebound by T. Evans, ,24-25, , 
11:33.0,Personal foul by J. Murray (drawn by T. Lawson), ,24-25, , 
11:24.0,Turnover by T. Evans (bad pass), ,24-25, , 
11:15.0, , ,24-27,+2,D. Gallinari makes 2-pt jump shot from 16 ft
11:15.0, , ,24-27, ,Shooting foul by W. Cauley-Stein (drawn by D. Gallinari)
11:15.0,B. Hield enters the game for B. McLemore, ,24-27, , 
11:15.0, , ,24-28,+1,D. Gallinari makes free throw 1 of 1
10:48.0,S. Labissière makes 2-pt jump shot from 17 ft,+2,26-28, , 
10:28.0, , ,26-28, ,Turnover by W. Barton (bad pass; steal by W. Cauley-Stein)
10:23.0,Shooting foul by W. Barton (drawn by B. Hield), ,26-28, , 
10:23.0,B. Hield misses free throw 1 of 3, ,26-28, , 
10:23.0,Offensive rebound by Team, ,26-28, , 
10:23.0,B. Hield makes free throw 2 of 3,+1,27-28, , 
10:23.0,B. Hield makes free throw 3 of 3,+1,28-28, , 
10:07.0, , ,28-31,+3,D. Arthur makes 3-pt jump shot from 26 ft (assist by W. Barton)
9:43.0,T. Lawson misses 2-pt jump shot from 16 ft, ,28-31, , 
9:43.0, , ,28-31, ,Defensive rebound by Team
9:28.0, , ,28-31, ,Turnover by J. Murray (bad pass)
9:17.0,Personal foul by W. Barton (drawn by T. Evans), ,28-31, , 
9:17.0, , ,28-31, ,W. Chandler enters the game for W. Barton
9:16.0,Personal foul by W. Chandler (drawn by T. Evans), ,28-31, , 
9:09.0,W. Cauley-Stein makes 2-pt dunk at rim (assist by T. Evans),+2,30-31, , 
8:50.0, , ,30-33,+2,W. Chandler makes 2-pt layup from 2 ft (assist by D. Gallinari)
8:39.0,Turnover by S. Labissière (traveling), ,30-33, , 
8:39.0,Official timeout, ,30-33, , 
8:27.0, , ,30-36,+3,D. Gallinari makes 3-pt jump shot from 25 ft (assist by W. Chandler)
8:00.0,T. Evans misses 2-pt jump shot from 5 ft, ,30-36, , 
8:00.0, , ,30-36, ,Defensive rebound by W. Chandler
7:51.0, , ,30-38,+2,D. Arthur makes 2-pt layup from 2 ft (assist by J. Murray)
7:33.0,B. Hield makes 2-pt jump shot from 13 ft,+2,32-38, , 
7:26.0, , ,32-38, ,Shooting foul by W. Cauley-Stein (drawn by D. Arthur)
7:26.0, , ,32-39,+1,D. Arthur makes free throw 1 of 2
7:26.0,A. Afflalo enters the game for T. Evans, ,32-39, , 
7:26.0,A. Tolliver enters the game for W. Cauley-Stein, ,32-39, , 
7:26.0, , ,32-40,+1,D. Arthur makes free throw 2 of 2
7:07.0,Turnover by B. Hield (bad pass; steal by J. Hernangómez), ,32-40, , 
6:59.0, , ,32-40, ,D. Arthur misses 2-pt jump shot from 13 ft
6:59.0,Defensive rebound by Team, ,32-40, , 
6:59.0, , ,32-40, ,M. Plumlee enters the game for D. Arthur
6:44.0,S. Labissière misses 2-pt dunk at rim, ,32-40, , 
6:44.0,Offensive rebound by T. Lawson, ,32-40, , 
6:44.0,Personal foul by D. Gallinari (drawn by T. Lawson), ,32-40, , 
6:44.0,T. Lawson makes free throw 1 of 2,+1,33-40, , 
6:44.0, , ,33-40, ,G. Harris enters the game for D. Gallinari
6:44.0,T. Lawson makes free throw 2 of 2,+1,34-40, , 
6:30.0, , ,34-42,+2,G. Harris makes 2-pt layup from 1 ft (assist by J. Murray)
6:05.0,B. Hield makes 2-pt jump shot from 15 ft,+2,36-42, , 
5:54.0, , ,36-42, ,Personal foul by S. Labissière (drawn by M. Plumlee)
5:54.0, , ,36-42, ,Denver full timeout
5:54.0, , ,36-42, ,J. Nelson enters the game for J. Murray
5:54.0,K. Koufos enters the game for S. Labissière, ,36-42, , 
5:45.0, , ,36-42, ,M. Plumlee misses 2-pt layup from 2 ft
5:44.0, , ,36-42, ,Offensive rebound by W. Chandler
5:44.0, , ,36-42, ,W. Chandler misses 2-pt layup from 2 ft
5:43.0,Defensive rebound by K. Koufos, ,36-42, , 
5:26.0,Turnover by K. Koufos (lost ball; steal by G. Harris), ,36-42, , 
5:26.0, , ,36-42, ,Clear path foul by K. Koufos
5:26.0, , ,36-42, ,J. Hernangómez misses clear path free throw 1 of 2
5:26.0, , ,36-42, ,Offensive rebound by Team
5:26.0, , ,36-43,+1,J. Hernangómez makes clear path free throw 2 of 2
5:10.0, , ,36-43, ,M. Plumlee misses 2-pt layup from 1 ft
5:08.0, , ,36-43, ,Offensive rebound by J. Hernangómez
5:08.0, , ,36-45,+2,J. Hernangómez makes 2-pt layup from 2 ft
4:59.0,T. Lawson misses 2-pt jump shot from 13 ft, ,36-45, , 
4:58.0,Offensive rebound by K. Koufos, ,36-45, , 
4:58.0,K. Koufos misses 2-pt layup from 1 ft (block by W. Chandler), ,36-45, , 
4:57.0, , ,36-45, ,Defensive rebound by M. Plumlee
4:49.0, , ,36-48,+3,G. Harris makes 3-pt jump shot from 26 ft (assist by M. Plumlee)
4:29.0,K. Koufos makes 2-pt dunk at rim (assist by A. Tolliver),+2,38-48, , 
4:17.0, , ,38-48, ,Turnover by M. Plumlee (bad pass; steal by A. Afflalo)
4:09.0,B. Hield makes 3-pt jump shot from 25 ft (assist by T. Lawson),+3,41-48, , 
3:55.0, , ,41-48, ,W. Chandler misses 2-pt jump shot from 16 ft
3:54.0,Defensive rebound by T. Lawson, ,41-48, , 
3:54.0,Personal foul by M. Plumlee (drawn by T. Lawson), ,41-48, , 
3:54.0,T. Lawson makes free throw 1 of 2,+1,42-48, , 
3:54.0, , ,42-48, ,D. Gallinari enters the game for J. Hernangómez
3:54.0,T. Lawson makes free throw 2 of 2,+1,43-48, , 
3:35.0, , ,43-48, ,Turnover by M. Plumlee (lost ball; steal by B. Hield)
3:28.0,T. Lawson misses 3-pt jump shot from 25 ft, ,43-48, , 
3:28.0, , ,43-48, ,Defensive rebound by G. Harris
3:28.0, , ,43-48, ,Personal foul by T. Lawson (drawn by G. Harris)
3:28.0, , ,43-49,+1,G. Harris makes free throw 1 of 2
3:28.0, , ,43-49, ,G. Harris misses free throw 2 of 2
3:28.0,D. Collison enters the game for T. Lawson, ,43-49, , 
3:27.0,Defensive rebound by K. Koufos, ,43-49, , 
3:11.0,B. Hield misses 2-pt jump shot from 12 ft, ,43-49, , 
3:10.0, , ,43-49, ,Defensive rebound by W. Chandler
3:03.0, , ,43-49, ,W. Chandler misses 2-pt jump shot from 5 ft
3:02.0, , ,43-49, ,Offensive rebound by M. Plumlee
3:01.0, , ,43-49, ,Personal foul by A. Tolliver (drawn by M. Plumlee)
3:01.0, , ,43-50,+1,M. Plumlee makes free throw 1 of 2
3:01.0, , ,43-51,+1,M. Plumlee makes free throw 2 of 2
2:46.0,A. Afflalo makes 2-pt jump shot from 4 ft,+2,45-51, , 
2:36.0, , ,45-53,+2,M. Plumlee makes 2-pt dunk at rim (assist by J. Nelson)
2:23.0,Turnover by B. Hield (bad pass; steal by J. Nelson), ,45-53, , 
2:18.0, , ,45-53, ,Personal foul by B. Hield (drawn by M. Plumlee)
2:18.0,Sacramento full timeout, ,45-53, , 
2:18.0, , ,45-54,+1,M. Plumlee makes free throw 1 of 2
2:18.0, , ,45-54, ,M. Plumlee misses free throw 2 of 2
2:16.0,Defensive rebound by K. Koufos, ,45-54, , 
1:50.0,D. Collison misses 2-pt jump shot from 17 ft, ,45-54, , 
1:49.0, , ,45-54, ,Defensive rebound by W. Chandler
1:32.0, , ,45-54, ,D. Gallinari misses 2-pt jump shot from 16 ft
1:31.0, , ,45-54, ,Offensive rebound by Team
1:31.0,Loose ball foul by A. Afflalo (drawn by W. Chandler), ,45-54, , 
1:31.0, , ,45-54, ,W. Chandler misses free throw 1 of 2
1:31.0, , ,45-54, ,Offensive rebound by Team
1:31.0, , ,45-55,+1,W. Chandler makes free throw 2 of 2
1:13.0,Turnover by D. Collison (bad pass; steal by W. Chandler), ,45-55, , 
0:59.0, , ,45-57,+2,W. Chandler makes 2-pt layup from 2 ft (assist by G. Harris)
0:36.0,D. Collison misses 2-pt layup from 2 ft, ,45-57, , 
0:35.0, , ,45-57, ,Defensive rebound by D. Gallinari
0:28.0, , ,45-57, ,D. Gallinari misses 3-pt jump shot from 25 ft
0:28.0,Defensive rebound by B. Hield, ,45-57, , 
0:10.0,D. Collison makes 2-pt jump shot from 11 ft,+2,47-57, , 
0:10.0,Shooting foul by G. Harris (drawn by D. Collison), ,47-57, , 
0:10.0,D. Collison makes free throw 1 of 1,+1,48-57, , 
0:04.0, , ,48-57, ,Turnover by M. Plumlee (offensive foul)
0:04.0, , ,48-57, ,Offensive foul by M. Plumlee (drawn by K. Koufos)
0:04.0, , ,48-57, ,D. Arthur enters the game for M. Plumlee
0:03.0,Sacramento full timeout, ,48-57, , 
0:00.0,D. Collison makes 2-pt jump shot from 20 ft (assist by A. Afflalo),+2,50-57, , 
11:36.0, , ,50-60,+3,D. Gallinari makes 3-pt jump shot from 26 ft (assist by W. Chandler)
11:08.0,A. Afflalo misses 2-pt jump shot from 16 ft, ,50-60, , 
11:07.0, , ,50-60, ,Defensive rebound by M. Plumlee
11:02.0, , ,50-60, ,Shooting foul by D. Collison (drawn by D. Gallinari)
11:02.0, , ,50-61,+1,D. Gallinari makes free throw 1 of 2
11:02.0, , ,50-62,+1,D. Gallinari makes free throw 2 of 2
10:38.0,Turnover by Team (shot clock), ,50-62, , 
10:26.0, , ,50-62, ,Turnover by W. Chandler (back court)
10:03.0,D. Collison makes 2-pt jump shot from 12 ft,+2,52-62, , 
9:51.0, , ,52-64,+2,W. Chandler makes 2-pt layup from 1 ft
9:40.0,K. Koufos makes 2-pt hook shot from 5 ft (assist by T. Lawson),+2,54-64, , 
9:27.0, , ,54-64, ,Offensive foul by W. Chandler (drawn by T. Lawson)
9:27.0, , ,54-64, ,Turnover by W. Chandler (offensive foul)
9:14.0,T. Lawson misses 2-pt jump shot from 21 ft, ,54-64, , 
9:13.0, , ,54-64, ,Defensive rebound by M. Plumlee
8:54.0, , ,54-64, ,M. Plumlee misses 2-pt hook shot from 8 ft
8:53.0,Defensive rebound by D. Collison, ,54-64, , 
8:44.0,A. Afflalo misses 3-pt jump shot from 25 ft, ,54-64, , 
8:44.0, , ,54-64, ,Defensive rebound by M. Plumlee
8:42.0, , ,54-64, ,Turnover by M. Plumlee (bad pass; steal by T. Lawson)
8:35.0,K. Koufos misses 2-pt hook shot from 5 ft, ,54-64, , 
8:33.0, , ,54-64, ,Defensive rebound by D. Gallinari
8:17.0, , ,54-66,+2,D. Gallinari makes 2-pt jump shot from 23 ft
8:01.0,K. Koufos makes 2-pt hook shot from 5 ft (assist by T. Lawson),+2,56-66, , 
7:43.0, , ,56-66, ,Shooting foul by K. Koufos (drawn by G. Harris)
7:43.0, , ,56-67,+1,G. Harris makes free throw 1 of 2
7:43.0, , ,56-68,+1,G. Harris makes free throw 2 of 2
7:29.0,Turnover by K. Koufos (bad pass; steal by G. Harris), ,56-68, , 
7:25.0, , ,56-70,+2,G. Harris makes 2-pt layup from 1 ft
7:08.0,Turnover by W. Cauley-Stein (bad pass; steal by W. Chandler), ,56-70, , 
7:05.0, , ,56-70, ,Shooting foul by W. Cauley-Stein (drawn by W. Chandler)
7:05.0, , ,56-71,+1,W. Chandler makes free throw 1 of 2
7:05.0, , ,56-72,+1,W. Chandler makes free throw 2 of 2
6:56.0,Shooting foul by J. Nelson (drawn by T. Lawson), ,56-72, , 
6:56.0,T. Lawson makes free throw 1 of 2,+1,57-72, , 
6:56.0,A. Tolliver enters the game for W. Cauley-Stein, ,57-72, , 
6:56.0,T. Lawson makes free throw 2 of 2,+1,58-72, , 
6:43.0, , ,58-72, ,Turnover by G. Harris (bad pass; steal by K. Koufos)
6:37.0,T. Lawson misses 2-pt layup from 1 ft, ,58-72, , 
6:36.0, , ,58-72, ,Defensive rebound by D. Gallinari
6:28.0, , ,58-72, ,W. Chandler misses 2-pt layup at rim
6:26.0, , ,58-72, ,Offensive rebound by M. Plumlee
6:26.0, , ,58-74,+2,M. Plumlee makes 2-pt dunk at rim
6:22.0,Sacramento full timeout, ,58-74, , 
6:22.0, , ,58-74, ,W. Barton enters the game for G. Harris
6:22.0,T. Evans enters the game for A. Afflalo, ,58-74, , 
6:22.0,B. McLemore enters the game for T. Lawson, ,58-74, , 
6:05.0,T. Evans makes 3-pt jump shot from 23 ft (assist by A. Tolliver),+3,61-74, , 
5:54.0, , ,61-74, ,Shooting foul by B. McLemore (drawn by W. Chandler)
5:54.0, , ,61-75,+1,W. Chandler makes free throw 1 of 2
5:54.0, , ,61-75, ,W. Chandler misses free throw 2 of 2
5:52.0, , ,61-75, ,Offensive rebound by Team
5:45.0, , ,61-75, ,Personal foul by B. McLemore (drawn by M. Plumlee)
5:45.0, , ,61-75, ,M. Plumlee misses free throw 1 of 2
5:45.0, , ,61-75, ,Offensive rebound by Team
5:45.0,Violation by D. Collison (lane), ,61-75, , 
5:45.0, , ,61-76,+1,M. Plumlee makes free throw 2 of 2
5:27.0,A. Tolliver makes 2-pt layup from 1 ft (assist by K. Koufos),+2,63-76, , 
5:14.0, , ,63-76, ,M. Plumlee misses 2-pt dunk at rim
5:11.0,Defensive rebound by D. Collison, ,63-76, , 
4:55.0,Turnover by T. Evans (bad pass; steal by M. Plumlee), ,63-76, , 
4:47.0, , ,63-78,+2,J. Nelson makes 2-pt layup from 2 ft (assist by D. Gallinari)
4:42.0, , ,63-78, ,Violation by M. Plumlee (def goaltending)
4:42.0,D. Collison makes 2-pt layup from 2 ft,+2,65-78, , 
4:42.0,Shooting foul by J. Nelson (drawn by D. Collison), ,65-78, , 
4:42.0,W. Cauley-Stein enters the game for K. Koufos, ,65-78, , 
4:42.0,D. Collison makes free throw 1 of 1,+1,66-78, , 
4:22.0, , ,66-80,+2,J. Nelson makes 2-pt jump shot from 22 ft (assist by W. Chandler)
4:06.0,W. Cauley-Stein makes 2-pt dunk at rim,+2,68-80, , 
3:52.0, , ,68-83,+3,W. Chandler makes 3-pt jump shot from 24 ft (assist by M. Plumlee)
3:31.0,D. Collison misses 2-pt layup from 2 ft, ,68-83, , 
3:30.0,Offensive rebound by W. Cauley-Stein, ,68-83, , 
3:29.0,W. Cauley-Stein misses 2-pt layup from 2 ft, ,68-83, , 
3:28.0, , ,68-83, ,Defensive rebound by D. Gallinari
3:08.0, , ,68-85,+2,W. Chandler makes 2-pt layup from 2 ft (assist by J. Nelson)
3:02.0,A. Tolliver misses 3-pt jump shot from 24 ft, ,68-85, , 
3:01.0, , ,68-85, ,Defensive rebound by M. Plumlee
2:48.0, , ,68-85, ,Turnover by M. Plumlee (lost ball)
2:48.0, , ,68-85, ,Denver full timeout
2:48.0, , ,68-85, ,G. Harris enters the game for D. Gallinari
2:48.0, , ,68-85, ,D. Arthur enters the game for M. Plumlee
2:40.0,Sacramento full timeout, ,68-85, , 
2:33.0,T. Evans makes 3-pt jump shot from 25 ft (assist by D. Collison),+3,71-85, , 
2:16.0, , ,71-87,+2,W. Chandler makes 2-pt jump shot from 16 ft (assist by J. Nelson)
1:52.0,W. Cauley-Stein makes 2-pt layup from 2 ft,+2,73-87, , 
1:32.0, , ,73-87, ,J. Nelson misses 3-pt jump shot from 26 ft
1:31.0,Defensive rebound by T. Evans, ,73-87, , 
1:25.0,A. Tolliver misses 2-pt layup from 2 ft, ,73-87, , 
1:24.0, , ,73-87, ,Defensive rebound by W. Chandler
1:15.0, , ,73-87, ,D. Arthur misses 2-pt layup from 2 ft
1:14.0,Defensive rebound by T. Evans, ,73-87, , 
1:04.0,T. Evans misses 3-pt jump shot from 26 ft, ,73-87, , 
1:03.0, , ,73-87, ,Defensive rebound by D. Arthur
0:51.0, , ,73-90,+3,W. Barton makes 3-pt jump shot from 24 ft (assist by J. Nelson)
0:40.0,Turnover by T. Evans (bad pass; steal by W. Barton), ,73-90, , 
0:29.0, , ,73-90, ,D. Arthur misses 3-pt jump shot from 24 ft
0:26.0, , ,73-90, ,Offensive rebound by W. Chandler
0:05.0, , ,73-90, ,W. Chandler misses 3-pt jump shot from 24 ft
0:03.0, , ,73-90, ,Offensive rebound by J. Nelson
0:00.0, , ,73-90, ,W. Barton misses 2-pt jump shot from 15 ft
0:00.0, , ,73-90, ,Offensive rebound by Team
11:45.0,Turnover by B. Hield (bad pass; steal by D. Arthur), ,73-90, , 
11:40.0, , ,73-90, ,Turnover by J. Murray (bad pass; steal by T. Evans)
11:38.0,T. Evans makes 2-pt layup at rim,+2,75-90, , 
11:22.0, , ,75-92,+2,J. Murray makes 2-pt layup from 2 ft (assist by G. Harris)
10:56.0,A. Tolliver misses 3-pt jump shot from 22 ft, ,75-92, , 
10:56.0,Offensive rebound by Team, ,75-92, , 
10:43.0,T. Lawson makes 2-pt jump shot from 21 ft,+2,77-92, , 
10:24.0, , ,77-95,+3,W. Barton makes 3-pt jump shot from 26 ft (assist by D. Arthur)
10:10.0,T. Evans misses 2-pt layup from 1 ft, ,77-95, , 
10:09.0, , ,77-95, ,Defensive rebound by D. Arthur
10:03.0, , ,77-97,+2,W. Barton makes 2-pt layup from 1 ft
9:58.0,Shooting foul by J. Murray (drawn by T. Lawson), ,77-97, , 
9:58.0,T. Lawson misses free throw 1 of 2, ,77-97, , 
9:58.0,Offensive rebound by Team, ,77-97, , 
9:58.0,S. Labissière enters the game for A. Tolliver, ,77-97, , 
9:58.0,T. Lawson makes free throw 2 of 2,+1,78-97, , 
9:41.0, , ,78-99,+2,J. Murray makes 2-pt jump shot from 14 ft (assist by D. Arthur)
9:29.0,B. Hield misses 2-pt jump shot from 17 ft, ,78-99, , 
9:27.0,Offensive rebound by W. Cauley-Stein, ,78-99, , 
9:24.0,W. Cauley-Stein misses 2-pt layup from 2 ft, ,78-99, , 
9:24.0,Offensive rebound by S. Labissière, ,78-99, , 
9:21.0,S. Labissière misses 2-pt layup from 2 ft, ,78-99, , 
9:20.0,Offensive rebound by T. Evans, ,78-99, , 
9:17.0,T. Evans misses 3-pt jump shot from 24 ft, ,78-99, , 
9:16.0,Offensive rebound by S. Labissière, ,78-99, , 
9:13.0,B. Hield makes 3-pt jump shot from 24 ft (assist by W. Cauley-Stein),+3,81-99, , 
9:13.0, , ,81-99, ,Denver full timeout
9:13.0, , ,81-99, ,W. Chandler enters the game for D. Gallinari
8:57.0, , ,81-99, ,W. Barton misses 3-pt jump shot from 24 ft
8:56.0,Defensive rebound by W. Cauley-Stein, ,81-99, , 
8:37.0,Turnover by B. Hield (traveling), ,81-99, , 
8:20.0, , ,81-99, ,W. Chandler misses 3-pt jump shot from 23 ft
8:19.0,Defensive rebound by W. Cauley-Stein, ,81-99, , 
8:09.0,T. Evans misses 2-pt jump shot from 20 ft, ,81-99, , 
8:08.0, , ,81-99, ,Defensive rebound by D. Arthur
7:57.0, , ,81-99, ,D. Arthur misses 2-pt jump shot from 20 ft
7:56.0,Defensive rebound by T. Evans, ,81-99, , 
7:38.0,T. Evans makes 2-pt layup from 3 ft,+2,83-99, , 
7:23.0, , ,83-99, ,D. Arthur misses 3-pt jump shot from 25 ft
7:22.0,Defensive rebound by S. Labissière, ,83-99, , 
6:59.0,S. Labissière misses 2-pt jump shot from 17 ft, ,83-99, , 
6:58.0, , ,83-99, ,Defensive rebound by G. Harris
6:52.0, , ,83-99, ,W. Barton misses 3-pt jump shot from 25 ft
6:51.0, , ,83-99, ,Offensive rebound by W. Chandler
6:50.0, , ,83-99, ,Personal foul by S. Labissière (drawn by W. Chandler)
6:50.0, , ,83-99, ,M. Plumlee enters the game for D. Arthur
6:44.0, , ,83-99, ,Personal foul by W. Cauley-Stein (drawn by M. Plumlee)
6:32.0, , ,83-99, ,M. Plumlee misses 2-pt hook shot from 9 ft
6:30.0,Defensive rebound by S. Labissière, ,83-99, , 
6:28.0,Turnover by S. Labissière (bad pass; steal by G. Harris), ,83-99, , 
6:27.0, , ,83-99, ,Turnover by G. Harris (bad pass)
6:08.0,W. Cauley-Stein misses 2-pt hook shot from 4 ft, ,83-99, , 
6:06.0, , ,83-99, ,Defensive rebound by M. Plumlee
6:01.0, , ,83-99, ,Turnover by J. Murray (bad pass; steal by T. Lawson)
5:52.0,S. Labissière misses 2-pt hook shot at rim, ,83-99, , 
5:52.0, , ,83-99, ,Defensive rebound by W. Chandler
5:31.0, , ,83-102,+3,G. Harris makes 3-pt jump shot from 28 ft (assist by J. Murray)
5:23.0,Sacramento full timeout, ,83-102, , 
5:23.0,L. Galloway enters the game for T. Evans, ,83-102, , 
5:10.0,S. Labissière makes 2-pt jump shot from 14 ft,+2,85-102, , 
4:50.0, , ,85-102, ,J. Murray misses 3-pt jump shot from 24 ft
4:49.0,Defensive rebound by B. Hield, ,85-102, , 
4:40.0,W. Cauley-Stein misses 2-pt layup from 2 ft, ,85-102, , 
4:39.0, , ,85-102, ,Defensive rebound by M. Plumlee
4:29.0, , ,85-102, ,W. Chandler misses 3-pt jump shot from 25 ft
4:28.0,Defensive rebound by B. Hield, ,85-102, , 
4:24.0,Shooting foul by W. Barton (drawn by B. Hield), ,85-102, , 
4:24.0,B. Hield makes free throw 1 of 2,+1,86-102, , 
4:24.0,B. Hield makes free throw 2 of 2,+1,87-102, , 
4:11.0, , ,87-102, ,Turnover by W. Chandler (traveling)
4:02.0,W. Cauley-Stein makes 2-pt dunk at rim (assist by T. Lawson),+2,89-102, , 
4:02.0, , ,89-102, ,Denver full timeout
4:02.0, , ,89-102, ,J. Nelson enters the game for J. Murray
3:38.0, , ,89-102, ,W. Barton misses 3-pt jump shot from 24 ft
3:38.0,Defensive rebound by L. Galloway, ,89-102, , 
3:26.0,Shooting block foul by J. Nelson (drawn by T. Lawson), ,89-102, , 
3:26.0,T. Lawson makes free throw 1 of 2,+1,90-102, , 
3:26.0,T. Lawson misses free throw 2 of 2, ,90-102, , 
3:25.0, , ,90-102, ,Defensive rebound by W. Chandler
3:06.0, , ,90-102, ,Shooting foul by W. Cauley-Stein (drawn by W. Barton)
3:06.0, , ,90-103,+1,W. Barton makes free throw 1 of 2
3:06.0,K. Koufos enters the game for W. Cauley-Stein, ,90-102, , 
3:06.0, , ,90-103, ,W. Barton misses free throw 2 of 2
3:04.0,Defensive rebound by K. Koufos, ,90-103, , 
2:48.0,K. Koufos makes 2-pt hook shot from 6 ft (assist by T. Lawson),+2,92-103, , 
2:31.0, , ,92-105,+2,M. Plumlee makes 2-pt jump shot from 6 ft (assist by J. Nelson)
2:15.0,Shooting foul by W. Chandler (drawn by S. Labissière), ,92-105, , 
2:15.0,S. Labissière makes free throw 1 of 2,+1,93-105, , 
2:15.0,S. Labissière makes free throw 2 of 2,+1,94-105, , 
1:52.0, , ,94-105, ,W. Chandler misses 3-pt jump shot from 27 ft
1:50.0, , ,94-105, ,Offensive rebound by W. Barton
1:33.0, , ,94-105, ,Turnover by W. Chandler (bad pass; steal by T. Lawson)
1:27.0,K. Koufos misses 2-pt hook shot from 2 ft, ,94-105, , 
1:26.0,Offensive rebound by S. Labissière, ,94-105, , 
1:25.0,S. Labissière makes 2-pt dunk at rim,+2,96-105, , 
1:04.0, , ,96-105, ,W. Chandler misses 2-pt jump shot from 21 ft
1:01.0,Defensive rebound by K. Koufos, ,96-105, , 
0:49.0,B. Hield misses 2-pt layup from 2 ft, ,96-105, , 
0:48.0, , ,96-105, ,Defensive rebound by W. Chandler
0:33.0, , ,96-108,+3,W. Chandler makes 3-pt jump shot from 26 ft (assist by J. Nelson)
0:25.0,L. Galloway misses 2-pt jump shot from 17 ft, ,96-108, , 
0:24.0, , ,96-108, ,Defensive rebound by W. Chandler
0:00.0, , ,96-108, ,Turnover by Team (shot clock)
